4 107 0.334208
4 464 0.292641
5 492 0.19117
6 419 0.269211
7 403 0.201917
18 99 0.610969
18 213 0.40485
18 271 0.43256
21 223 0.468804
21 493 0.4172
24 73 0.173786
24 221 0.235328
26 54 0.54422
26 77 0.343435
26 164 0.4007
26 256 0.62134
26 260 0.699446
26 264 0.235996
26 357 0.436203
26 380 0.725472
26 395 0.616114
26 405 0.30316
26 457 0.176723
26 476 0.413654
26 483 0.30837
26 496 0.545992
28 107 0.49047
28 205 0.37891
31 107 0.387522
36 76 0.19803
36 330 0.459914
36 365 0.681306
36 389 0.357693
36 419 0.592782
36 447 0.383619
36 493 0.302311
37 437 0.442323
38 207 0.357793
38 313 0.333566
38 330 0.530039
38 388 0.355487
38 419 0.382823
38 447 0.42
38 463 0.429304
41 87 0.224909
44 498 0.205574
45 141 0.183933
45 146 0.448751
45 276 0.301659
45 372 0.273882
45 491 0.395845
48 107 0.16726
53 372 0.195529
54 77 0.452452
54 164 0.529487
54 256 0.610947
54 260 0.593618
54 380 0.461391
54 395 0.510931
54 476 0.421596
54 496 0.487739
55 73 0.118535
55 316 0.332487
57 234 0.290111
57 444 0.228275
58 354 0.462195
65 84 0.167979
65 177 0.211656
65 377 0.215926
66 223 0.238973
66 401 0.326665
67 424 0.155538
69 170 0.16704
69 179 0.358184
69 189 0.294593
75 319 0.154574
77 124 0.475916
77 164 0.634702
77 256 0.485214
77 260 0.380756
77 380 0.319876
77 394 0.300323
77 395 0.324249
78 160 0.207271
78 285 0.319676
87 126 0.188023
87 164 0.313606
87 209 0.309891
87 348 0.308154
87 370 0.437566
87 423 0.336529
90 224 0.220351
95 179 0.195939
96 304 0.32245
99 100 0.317432
99 193 0.279264
99 213 0.620471
99 271 0.549461
99 274 0.224304
99 471 0.404977
100 180 0.121268
103 205 0.362096
103 419 0.308365
103 447 0.418384
105 166 0.353899
107 424 0.317884
113 186 0.244425
113 205 0.309363
113 366 0.373548
116 298 0.399843
116 365 0.371806
116 389 0.327088
116 419 0.365759
116 447 0.337709
117 411 0.208356
120 173 0.254032
122 213 0.23787
123 189 0.315941
124 136 0.27441
124 145 0.250521
124 164 0.461677
124 256 0.301422
124 370 0.365504
124 394 0.324129
124 441 0.306486
124 489 0.315228
130 285 0.238385
131 195 0.467501
131 389 0.408516
131 394 0.477414
132 316 0.1808
148 450 0.184938
152 458 0.145494
159 173 0.561017
159 379 0.38748
164 256 0.596312
164 260 0.49938
164 380 0.449109
164 394 0.314262
164 395 0.396416
164 425 0.238067
164 437 0.31859
164 476 0.465789
164 489 0.300579
164 496 0.303571
166 223 0.288868
166 228 0.219349
166 241 0.263694
166 319 0.434934
169 351 0.450444
171 489 0.403403
172 287 0.264465
173 379 0.414651
176 206 0.331066
179 235 0.338918
179 336 0.377966
179 344 0.385294
179 475 0.301508
181 287 0.304391
181 295 0.286048
181 446 0.190943
181 486 0.356785
187 304 0.236176
201 489 0.218857
202 493 0.40161
205 224 0.303479
205 427 0.290264
206 398 0.260988
206 403 0.334269
206 430 0.336017
206 494 0.26014
207 313 0.370962
207 330 0.510567
208 341 0.223957
209 214 0.324948
209 423 0.417492
209 474 0.448242
209 489 0.40175
213 271 0.420346
213 302 0.284566
213 450 0.270106
213 458 0.467921
213 471 0.330544
214 389 0.392144
214 394 0.382415
214 423 0.320616
214 437 0.313044
217 234 0.337918
217 411 0.295574
221 258 0.286116
223 365 0.420916
223 406 0.329789
223 419 0.331352
223 438 0.408736
223 447 0.379172
223 493 0.409286
233 316 0.302452
235 294 0.264047
235 377 0.323944
235 383 0.199158
250 271 0.353979
250 341 0.337953
250 408 0.30545
256 260 0.577105
256 380 0.503983
256 395 0.550001
256 476 0.459753
256 496 0.619681
260 273 0.223652
260 380 0.583524
260 395 0.649875
260 433 0.349208
260 476 0.579789
260 496 0.522414
261 470 0.296032
263 394 0.218337
266 423 0.261672
271 471 0.423361
276 351 0.307021
285 458 0.540532
285 474 0.316173
285 477 0.213615
285 491 0.305218
287 345 0.230492
287 411 0.2418
295 316 0.178561
298 365 0.308706
298 389 0.302123
304 459 0.443607
305 330 0.421041
305 347 0.60528
305 447 0.38797
310 489 0.298819
313 330 0.536896
316 413 0.289561
316 434 0.309313
316 443 0.525678
330 347 0.306153
330 365 0.405192
330 419 0.539973
330 447 0.502034
330 463 0.399204
330 493 0.335984
336 344 0.37841
341 344 0.38083
341 358 0.300808
342 344 0.364778
344 379 0.399711
347 419 0.356432
347 447 0.376854
351 489 0.336028
354 366 0.407102
355 437 0.420517
355 469 0.285824
355 489 0.43259
357 380 0.511036
357 395 0.305202
357 405 0.32323
357 437 0.344176
358 475 0.351718
365 389 0.544185
365 417 0.323519
365 419 0.710851
365 438 0.385245
365 447 0.406127
365 493 0.418141
370 470 0.356369
373 498 0.265806
379 408 0.416676
379 432 0.270523
379 492 0.357389
380 395 0.527094
380 405 0.398825
380 476 0.424591
380 496 0.371638
388 406 0.316003
388 408 0.303385
388 419 0.306966
388 447 0.368342
388 493 0.328403
389 392 0.355249
389 394 0.602068
389 419 0.397854
389 423 0.341605
389 497 0.408165
389 498 0.275115
391 476 0.244732
392 394 0.313835
394 423 0.312362
394 437 0.369365
394 497 0.399809
395 476 0.360391
395 496 0.442838
397 423 0.278814
403 411 0.249407
403 456 0.247098
403 492 0.328244
405 441 0.455696
406 410 0.280371
406 493 0.380255
408 492 0.468671
410 429 0.164641
417 419 0.409668
419 438 0.404562
419 447 0.494648
419 463 0.384599
419 493 0.515687
423 489 0.535747
423 497 0.304454
433 476 0.306778
434 443 0.335036
437 489 0.419124
438 493 0.531199
447 463 0.395301
459 475 0.256023
475 480 0.293487
476 496 0.397385
483 489 0.389658
