3 2
3 2
14 2
17 2
23 2
32 2
33 2
38 2
43 2
56 2
70 2
74 2
83 2
84 2
100 2
101 2
102 2
111 2
118 2
132 2
135 2
156 2
185 2
197 2
230 2
315 2
361 2
573 2
2 3
2 3
14 3
23 3
24 3
32 3
38 3
43 3
47 3
64 3
70 3
74 3
82 3
83 3
85 3
101 3
102 3
111 3
118 3
132 3
135 3
146 3
154 3
178 3
184 3
185 3
189 3
197 3
217 3
226 3
230 3
243 3
321 3
355 3
357 3
397 3
431 3
435 3
436 3
442 3
451 3
452 3
455 3
463 3
470 3
473 3
474 3
478 3
483 3
484 3
489 3
493 3
494 3
495 3
497 3
517 3
522 3
523 3
530 3
532 3
533 3
534 3
536 3
548 3
551 3
564 3
565 3
568 3
573 3
598 3
599 3
43 4
184 4
213 4
228 4
287 4
337 4
419 4
426 4
494 4
495 4
534 4
535 4
548 4
550 4
563 4
565 4
598 4
599 4
111 8
520 8
320 13
534 13
426 17
439 17
57 20
101 20
512 20
56 23
70 23
74 23
102 23
197 23
198 23
426 23
432 23
435 23
442 23
493 23
511 23
564 23
462 24
54 30
63 30
66 30
70 30
83 30
90 30
100 30
118 30
189 30
236 30
434 30
504 30
63 32
70 32
489 32
530 32
43 33
56 33
82 33
83 33
84 33
90 33
100 33
102 33
111 33
230 33
315 33
436 33
439 33
460 33
462 33
474 33
475 33
487 33
491 33
522 33
546 33
549 33
111 38
460 38
520 38
568 38
100 43
102 43
213 43
230 43
315 43
360 43
361 43
436 43
460 43
462 43
471 43
474 43
475 43
486 43
487 43
491 43
494 43
522 43
546 43
435 47
473 47
533 47
82 54
132 54
236 54
360 54
436 54
439 54
542 54
546 54
549 54
43 56
111 56
154 56
230 56
355 56
426 56
439 56
463 56
469 56
471 56
474 56
478 56
486 56
490 56
522 56
101 57
154 57
226 57
432 63
473 63
84 64
197 64
442 64
462 64
475 64
493 64
82 66
83 66
90 66
100 66
118 66
189 66
217 66
226 66
360 66
426 66
432 66
436 66
460 66
483 66
489 66
491 66
82 68
436 68
74 70
82 70
154 71
419 71
435 71
439 71
493 71
491 74
522 74
178 82
432 82
490 82
492 82
230 83
315 83
361 83
426 83
522 83
229 84
460 84
462 84
475 84
483 84
487 84
492 84
542 84
178 85
393 85
460 85
475 85
532 85
533 85
565 85
488 88
542 90
2 91
3 91
8 91
14 91
17 91
20 91
23 91
30 91
33 91
38 91
43 91
54 91
56 91
57 91
63 91
66 91
82 91
83 91
84 91
90 91
100 91
102 91
111 91
118 91
132 91
156 91
189 91
198 91
217 91
229 91
230 91
235 91
236 91
263 91
264 91
315 91
340 91
360 91
361 91
384 91
426 91
432 91
434 91
436 91
439 91
451 91
460 91
462 91
463 91
474 91
483 91
486 91
487 91
490 91
491 91
494 91
495 91
512 91
517 91
520 91
522 91
542 91
546 91
549 91
561 91
565 91
573 91
597 91
598 91
599 91
213 94
355 94
486 94
565 94
83 100
90 100
189 100
229 100
230 100
315 100
460 100
462 100
487 100
491 100
522 100
542 100
83 101
226 101
355 101
397 101
426 101
473 101
74 102
82 102
85 102
132 102
184 102
217 102
230 102
355 102
360 102
426 102
436 102
460 102
475 102
478 102
487 102
490 102
493 102
516 102
522 102
542 102
546 102
548 102
551 102
565 102
568 102
230 111
494 111
512 111
320 117
534 117
154 118
178 118
397 132
516 132
568 132
118 135
226 135
550 135
230 154
491 154
522 154
230 156
462 156
491 156
522 156
504 178
504 184
564 189
426 196
469 196
497 196
548 196
550 196
426 197
497 197
533 197
315 198
361 198
436 198
439 198
460 198
463 198
474 198
487 198
522 198
401 213
494 213
565 213
491 217
522 217
534 218
30 224
71 224
84 224
419 224
426 224
435 224
470 224
474 224
496 224
520 224
551 224
598 224
599 224
236 229
551 229
522 230
568 236
4 237
316 237
463 237
536 243
511 244
511 244
565 244
546 249
435 258
537 258
566 258
38 263
57 263
111 263
264 263
340 263
520 263
598 263
20 264
38 264
340 264
520 264
511 280
512 280
530 280
532 280
534 280
565 280
496 284
504 284
517 284
551 287
568 287
496 291
489 292
511 292
512 305
530 305
533 305
534 305
361 315
393 315
504 315
535 316
534 320
533 321
566 322
439 333
511 333
496 336
287 337
321 337
511 337
535 337
563 337
101 340
197 340
442 340
520 340
497 355
511 360
537 360
565 360
491 361
542 361
549 361
534 370
475 384
2 390
3 390
23 390
70 390
102 390
435 390
608 390
512 392
532 392
546 393
550 393
565 393
493 397
494 397
516 397
564 397
565 401
565 401
401 419
548 419
478 426
493 426
498 426
13 429
24 429
68 429
71 429
88 429
186 429
249 429
355 429
452 429
471 429
495 429
504 429
546 434
357 435
419 435
426 435
431 435
432 435
426 436
471 436
478 436
504 436
426 439
551 439
426 441
397 451
426 451
470 451
475 451
493 451
497 451
532 451
534 451
565 451
355 455
487 460
487 460
542 460
471 469
484 469
490 469
355 471
478 471
355 474
492 474
361 475
393 475
530 475
533 475
542 475
565 475
321 478
355 478
397 478
517 478
542 483
360 486
491 487
522 487
542 487
522 491
512 493
401 494
512 494
565 494
511 495
534 495
565 495
566 495
565 511
546 516
551 530
565 532
565 533
565 534
565 535
566 535
565 537
566 537
549 546
401 565
401 565
315 573
451 573
460 573
462 573
470 573
475 573
483 573
487 573
491 573
516 573
522 573
546 573
548 573
549 573
495 585
565 585
548 597
599 597
196 598
316 598
337 598
355 598
384 598
397 598
435 598
441 598
442 598
463 598
469 598
470 598
478 598
483 598
490 598
493 598
494 598
495 598
511 598
516 598
533 598
535 598
542 598
551 598
564 598
565 598
566 598
599 598
287 599
511 599
535 599
537 599
542 599
2 608
3 608
23 608
30 608
70 608
198 608
523 608
597 608
4 614
2 616
3 616
91 668
530 781
532 781
533 781
534 781
535 781
536 781
537 781
542 781
546 781
548 781
488 873
489 873
490 873
491 873
492 873
493 873
494 873
495 873
496 873
497 873
498 873
504 873
511 874
512 874
516 874
517 874
520 874
522 874
523 874
549 875
550 875
551 875
561 875
563 875
564 875
565 875
566 875
568 875
585 887
597 894
598 894
495 933
532 933
534 933
101 973
429 973
495 983
496 983
532 983
534 983
566 983
2 1008
3 1008
23 1008
70 1008
74 1008
198 1008
321 1008
390 1008
478 1008
608 1008
68 1022
429 1022
244 1031
439 1031
511 1031
429 1144
213 1180
401 1180
494 1180
565 1180
263 1382
429 1382
2 1385
3 1385
23 1385
56 1385
74 1385
94 1385
390 1385
478 1385
497 1385
608 1385
4 1435
20 1435
228 1435
287 1435
333 1435
426 1435
535 1435
598 1435
598 1511
599 1511
401 1573
565 1573
511 1588
566 1596
496 1742
534 1743
532 1746
585 1814
585 1872
213 1902
401 1902
494 1902
565 1902
57 1940
91 1940
100 1940
189 1940
2 1942
3 1942
23 1942
70 1942
74 1942
198 1942
390 1942
608 1942
